<?xml version="1.0" encoding="utf-8"?>
<!-- Generator: Adobe Illustrator 13.0.2, SVG Export Plug-In . SVG Version: 6.00 Build 14948)  -->
<!DOCTYPE svg PUBLIC "-//W3C//DTD SVG 1.1//EN" "http://www.w3.org/Graphics/SVG/1.1/DTD/svg11.dtd">
<svg  version="1.1" style="background-color: #000000;"  id="Layer_1" xmlns="http://www.w3.org/2000/svg" xmlns:xlink="http://www.w3.org/1999/xlink" x="0px" y="0px"
	 width="500px" height="400px" viewBox="-65.393 -5.729 500 400" enable-background="new -65.393 -5.729 500 400"
	 xml:space="preserve">
<polyline id="0422380" fill="#666666" stroke="#FFFFFF" stroke-width="0.75"  points="147.062,12.58 147.11,12.58 147.309,12.612 147.342,12.612 
	147.424,12.628 147.507,12.645 147.556,12.645 147.606,12.645 147.656,12.662 147.688,12.662 147.738,12.662 147.755,12.662 
	147.804,12.678 148.731,12.794 148.945,12.827 149.012,12.827 150.367,13.009 150.979,13.092 151.012,13.092 151.656,13.174 
	152.466,13.24 152.533,13.257 152.814,13.29 153.145,13.323 156.285,13.703 156.318,13.72 156.368,13.72 156.385,13.72 
	156.599,13.752 157.973,13.869 158.914,13.951 159.095,13.968 159.13,13.968 169.709,15.158 169.164,19.953 169.081,20.729 
	169.081,20.795 168.966,21.705 168.932,22.052 168.883,22.433 168.667,24.349 168.536,25.573 168.403,26.664 167.527,34.352 
	167.527,34.385 167.527,34.401 167.477,34.914 167.279,36.649 166.784,40.948 166.784,40.965 166.254,45.56 166.238,45.726 
	166.238,45.792 166.039,47.56 166.006,47.792 165.576,51.561 165.18,55.017 164.651,59.745 164.551,60.555 164.536,60.687 
	164.468,61.364 164.386,62.075 163.874,66.556 163.857,66.721 163.841,66.903 163.741,67.68 162.981,74.408 162.402,79.45 
	162.386,79.615 162.287,80.492 161.856,84.294 161.773,85.055 161.758,85.253 161.741,85.352 161.741,85.385 161.426,88.046 
	161.426,88.081 160.666,94.809 160.088,99.867 160.088,99.884 160.039,100.347 160.039,100.364 160.039,100.396 160.021,100.528 
	159.988,100.826 159.972,100.842 159.972,100.859 159.972,100.893 159.94,101.157 159.89,101.685 159.873,101.719 159.822,102.198 
	159.608,104.067 159.228,107.456 159.079,108.794 158.914,110.167 158.815,111.042 158.766,111.539 158.434,114.482 158.038,117.97 
	157.359,123.838 156.203,134.104 156.187,134.17 155.79,134.27 155.74,134.304 155.724,134.32 155.591,134.286 155.625,134.17 
	155.625,133.922 155.657,133.856 155.822,133.691 155.872,133.56 155.972,133.46 156.021,133.444 155.937,133.063 155.839,132.849 
	155.343,132.501 155.261,132.484 155.227,132.451 155.343,132.138 155.327,132.121 155.276,132.154 155.161,132.27 155.095,132.468 
	155.045,132.517 154.996,132.286 155.111,132.188 155.111,132.071 155.095,132.022 155.012,132.039 154.88,132.188 154.765,132.436 
	154.649,132.451 154.517,132.451 154.484,132.303 154.484,132.121 154.533,132.022 154.533,131.906 154.517,131.873 
	154.467,131.873 154.367,131.988 154.351,132.071 154.334,132.188 154.203,132.535 154.153,132.501 154.069,132.386 
	153.971,132.286 153.905,132.319 153.442,132.104 153.359,131.906 153.31,131.841 153.029,131.873 153.044,132.022 153.227,132.071 
	153.74,132.468 153.822,132.633 153.855,132.783 153.773,132.849 153.591,132.881 153.442,132.931 153.261,133.096 153.275,133.212 
	153.392,133.245 153.557,133.212 153.591,133.245 153.607,133.294 153.557,133.345 153.227,133.56 152.797,133.592 152.764,133.675 
	152.764,133.609 152.616,133.509 152.482,133.46 152.334,133.427 152.187,133.36 151.722,133.046 151.557,132.881 151.491,132.799 
	151.426,132.666 151.409,132.6 151.607,132.484 151.524,132.353 151.491,132.319 151.227,132.188 151.227,132.088 151.243,132.005 
	151.209,131.873 151.16,131.856 150.963,131.939 150.879,131.939 150.813,131.906 150.632,131.691 150.499,131.691 150.268,131.542 
	150.168,131.393 149.937,131.344 149.657,131.344 149.541,131.03 149.359,130.947 149.309,130.947 149.292,131.112 149.259,131.146 
	149.177,131.146 149.077,131.096 149.028,130.964 148.764,130.65 148.764,130.484 148.632,130.22 148.465,130.055 148.168,129.806 
	147.854,129.658 147.904,129.542 147.921,129.426 147.904,129.36 147.871,129.327 147.623,129.294 147.688,129.08 147.639,128.881 
	147.573,128.814 147.358,128.864 147.127,128.798 147.11,128.649 147.176,128.434 147.062,128.434 146.945,128.649 146.879,128.699 
	146.796,128.699 146.714,128.765 146.796,128.947 146.83,129.128 146.681,129.277 146.729,129.393 146.747,129.509 146.729,129.641 
	146.714,129.658 146.481,129.625 146.201,129.477 145.986,129.211 145.937,129.045 145.888,129.013 145.788,129.013 
	145.771,128.897 145.821,128.831 145.836,128.699 145.919,128.765 145.97,128.864 146.003,128.864 146.019,128.798 146.085,128.765 
	146.168,128.567 146.217,128.583 146.234,128.583 146.383,128.45 146.383,128.369 146.433,128.302 146.481,128.352 146.515,128.352 
	146.515,128.302 146.564,128.318 146.564,128.236 146.498,128.187 146.498,128.021 146.433,128.004 146.4,127.922 146.366,127.922 
	146.333,128.021 146.3,128.038 146.267,128.021 146.25,128.054 146.267,128.104 146.234,128.104 146.201,128.17 146.118,128.153 
	146.134,128.203 146.085,128.302 146.003,128.269 146.003,128.219 146.101,128.071 146.019,127.988 146.019,127.922 
	146.003,127.889 145.853,127.822 145.804,127.839 145.821,127.922 145.771,127.955 145.688,127.873 145.574,127.806 
	145.423,127.822 145.407,127.855 145.391,127.855 145.325,127.757 145.308,127.525 145.275,127.476 145.177,127.36 144.63,126.963 
	144.515,127.079 144.432,127.244 144.382,127.26 144.25,127.244 144.217,127.21 144.035,127.194 143.952,127.409 143.771,127.459 
	143.672,127.393 143.672,127.426 143.655,127.459 143.622,127.31 143.473,127.096 143.44,127.112 143.391,127.21 143.043,127.228 
	142.845,127.591 142.944,127.658 142.96,127.691 142.812,127.707 142.712,127.658 142.581,127.508 142.664,127.376 142.697,127.26 
	142.646,126.98 142.614,126.814 142.53,126.615 142.365,126.385 142.25,126.352 142.035,126.45 141.986,126.401 141.952,126.302 
	141.77,126.104 141.622,126.02 141.555,126.02 141.291,126.12 141.109,126.07 141.093,126.02 141.043,125.988 140.878,125.97 
	140.845,125.988 140.613,125.756 140.547,125.641 140.365,125.591 140.299,125.459 140.299,125.178 140.15,124.896 139.803,124.913 
	139.721,124.863 139.737,124.714 139.704,124.566 139.688,124.533 139.638,124.516 139.489,124.367 139.587,124.219 
	139.621,124.202 139.587,124.021 139.456,123.871 139.439,123.871 139.439,123.888 139.325,123.921 139.126,124.086 
	138.977,124.235 138.629,124.152 138.431,124.334 138.101,124.301 138.034,124.433 138,124.45 137.968,124.45 137.902,124.367 
	137.738,124.367 137.671,124.45 137.637,124.516 137.539,124.566 137.472,124.549 137.423,124.466 137.373,124.466 137.174,124.698 
	137.125,124.649 137.059,124.649 136.795,124.748 136.695,124.863 136.562,124.896 136.497,124.863 136.497,124.814 
	136.431,124.764 135.902,124.682 135.736,124.714 135.654,124.682 135.604,124.616 135.687,124.219 135.77,124.07 135.819,124.021 
	135.869,124.021 135.803,123.971 135.638,124.003 135.472,124.12 135.373,124.136 135.273,123.938 134.893,124.086 134.695,124.202 
	134.595,124.202 134.497,124.334 134.479,124.433 134.447,124.533 134.265,124.549 134.166,124.45 134.149,124.318 134.083,124.351 
	134,124.466 134.017,124.549 134,124.714 133.951,124.946 133.884,125.062 133.719,125.144 133.669,125.128 133.62,125.062 
	133.554,125.111 133.539,125.144 133.554,125.194 133.77,125.607 134,125.657 134.365,125.707 134.282,125.806 134.249,125.905 
	134.282,125.988 134.397,126.02 134.348,126.087 134.265,126.136 134.198,126.12 134.166,126.136 133.935,126.286 133.77,126.467 
	133.521,126.517 133.456,126.5 133.422,126.467 133.422,126.334 133.389,126.269 133.207,126.334 133.124,126.45 133.108,125.988 
	133.025,125.855 132.893,126.037 132.876,126.037 132.827,126.005 132.86,125.806 132.943,125.739 132.992,125.673 133.141,125.194 
	133.141,125.095 133.058,124.896 133.108,124.351 133.24,124.202 133.306,124.054 133.273,124.037 133.19,123.987 133.19,123.905 
	133.273,123.838 133.306,123.838 133.636,124.021 133.669,124.054 133.802,124.251 133.802,124.318 133.835,124.285 
	133.884,124.086 133.868,123.905 134.067,123.772 134.067,123.672 133.967,123.59 133.868,123.557 133.868,123.59 133.818,123.624 
	133.719,123.64 133.289,123.441 133.157,123.409 132.959,123.425 132.926,123.672 132.778,123.69 132.711,123.64 132.562,123.574 
	132.546,123.739 132.562,123.888 132.529,123.921 132.496,123.938 132.314,123.871 132.099,124.07 131.901,124.202 131.818,124.301 
	131.703,124.599 131.719,124.682 131.77,124.797 131.67,124.863 131.571,124.847 131.652,124.731 131.652,124.698 131.603,124.649 
	131.537,124.632 131.24,124.649 131.189,124.632 131.158,124.582 131.14,124.533 131.14,124.12 131.223,124.021 131.571,124.086 
	131.67,123.987 131.652,123.971 131.537,123.938 131.338,123.954 131.322,123.938 131.521,123.789 131.719,123.672 131.703,123.64 
	131.686,123.64 131.29,123.723 131.158,123.723 131.091,123.822 131.041,123.871 130.976,123.888 130.893,123.855 130.826,123.822 
	130.761,123.855 130.761,124.169 130.711,124.318 130.66,124.351 130.627,124.334 130.545,124.235 130.512,124.037 130.38,124.054 
	130.182,124.12 130.017,124.367 129.867,124.45 129.57,124.516 129.14,124.433 129.09,124.417 129.107,124.384 129.058,124.301 
	129.008,124.318 128.925,124.235 128.825,124.219 128.776,124.136 128.71,124.086 128.776,124.021 129.008,123.905 129.09,123.789 
	129.09,123.739 129.073,123.723 129.09,123.707 129.156,123.772 129.189,123.905 129.239,123.954 129.438,124.003 129.471,124.003 
	129.455,123.707 129.487,123.557 129.503,123.557 129.702,123.838 129.751,123.838 129.884,123.739 129.9,123.707 129.867,123.64 
	129.884,123.392 130.017,123.31 129.983,123.095 129.834,123.077 129.818,123.061 129.983,123.045 130.065,123.161 130.116,123.127 
	130.199,123.21 130.281,123.31 130.297,123.441 130.331,123.441 130.446,123.375 130.512,123.276 130.479,123.227 130.512,123.193 
	130.694,123.112 130.744,123.112 130.761,123.029 130.859,122.896 130.976,122.946 131.057,122.83 131.174,122.814 131.421,122.979 
	131.356,122.83 131.371,122.796 131.554,122.664 131.636,122.764 131.686,122.764 131.652,122.731 131.62,122.632 131.67,122.532 
	131.405,122.548 131.371,122.517 131.338,122.482 131.189,122.417 131.041,122.467 130.926,122.45 130.794,122.482 130.645,122.565 
	130.562,122.565 130.347,122.698 130.032,122.632 129.983,122.517 129.917,122.517 129.851,122.598 129.851,122.632 
	129.769,122.647 129.388,122.632 129.256,122.582 129.223,122.548 129.223,122.482 129.338,122.384 129.503,122.367 
	129.537,122.351 129.537,122.318 129.587,122.285 129.851,122.251 129.917,122.318 130.017,122.219 130.017,122.185 
	130.083,122.136 130.132,122.169 130.281,122.119 130.313,122.02 130.331,121.805 130.38,121.64 130.462,121.64 130.429,121.474 
	130.331,121.408 130.313,121.309 130.331,121.292 130.397,121.326 130.462,121.21 130.462,121.193 130.414,121.144 130.347,121.128 
	130.363,121.077 130.694,120.912 130.81,120.896 130.81,120.846 130.627,120.846 130.331,120.896 130.199,120.748 130.148,120.731 
	130.132,120.748 130.032,120.862 130.032,121.128 130.065,121.26 130.065,121.491 130.017,121.656 129.652,121.921 129.471,121.987 
	129.421,121.921 129.455,121.887 129.455,121.838 129.421,121.739 129.372,121.672 129.223,121.855 129.174,121.987 
	128.992,122.185 128.892,122.169 128.875,121.887 128.793,121.755 128.793,121.706 128.793,121.672 128.942,120.499 
	129.073,119.771 129.174,119.209 129.718,114.63 129.769,114.63 129.769,114.581 130,112.828 130.032,112.481 130.099,111.853 
	130.38,109.72 130.645,107.439 129.223,107.273 129.008,107.24 126.925,106.976 126.495,106.91 125.95,106.827 124.544,106.612 
	123.073,106.447 122.709,106.43 122.726,105.753 122.891,104.761 122.99,104.099 123.007,104.033 123.04,103.802 123.156,102.909 
	123.156,102.893 123.172,102.745 123.668,98.71 123.652,98.71 123.105,98.645 122.561,98.578 122.544,98.792 121.981,98.727 
	119.006,98.346 118.94,98.346 116.196,98 115.567,97.933 115.071,97.867 115.071,97.95 108.376,97.09 107.566,96.991 
	107.037,96.958 104.507,96.627 104.095,96.577 104.227,95.52 104.276,95.205 104.293,94.958 104.673,92.015 104.739,91.519 
	104.872,90.213 105.053,88.99 103.647,88.758 101.334,88.443 101.515,86.906 101.747,85.204 101.862,84.526 101.961,84.08 
	102.012,83.682 102.012,83.633 101.846,83.699 101.681,83.781 101.564,83.914 101.3,83.964 101.069,84.08 100.904,84.228 
	100.838,84.327 100.772,84.46 100.077,84.178 99.846,84.146 99.813,84.146 98.44,84.228 98.342,84.212 98.126,84.129 97.912,84.046 
	97.151,83.749 96.572,82.823 96.357,82.508 96.241,82.393 96.109,82.311 95.812,82.178 95.961,81.831 95.978,81.716 95.961,81.534 
	95.927,81.418 95.862,81.252 95.795,81.187 95.597,81.054 95.481,81.004 95.25,80.972 95.018,81.038 94.853,81.137 94.704,81.285 
	94.573,81.269 94.521,81.252 94.374,80.905 94.291,80.773 94.159,80.657 94.06,80.542 93.911,80.442 93.63,80.31 93.431,80.244 
	93.2,80.21 92.605,80.344 92.076,80.344 91.729,80.293 91.315,80.194 91.266,80.062 91.183,79.947 91.001,79.814 90.868,79.749 
	90.521,79.698 90.324,79.632 90.225,79.516 89.943,79.269 89.711,79.136 89.48,79.054 89.331,79.02 88.108,78.492 88.009,78.458 
	87.298,78.144 87.133,78.045 86.852,77.946 84.967,77.285 84.686,77.087 84.521,76.161 84.471,75.962 84.389,75.765 84.272,75.582 
	84.125,75.4 83.48,74.854 83.447,74.838 83.396,74.788 83.264,74.656 80.636,72.259 80.421,72.127 80.338,72.061 78.982,71.119 
	78.751,70.92 78.635,70.771 78.569,70.375 78.403,70.043 78.238,69.879 78.156,69.747 77.892,69.515 77.197,69.25 77.048,69.2 
	76.784,69.234 76.354,69.2 75.958,68.854 75.362,68.457 75.247,68.275 75.064,68.126 74.866,68.06 74.602,68.01 74.354,68.027 
	73.807,67.895 73.643,67.829 72.965,67.763 72.617,67.829 72.469,67.812 74.155,55.909 74.255,55.744 74.37,55.496 74.37,55.447 
	74.304,55.314 74.287,55.099 74.32,55.017 74.387,54.967 74.453,54.9 74.552,54.868 74.602,54.785 74.618,54.686 74.568,54.619 
	74.635,54.305 74.701,54.173 74.85,54.024 75.114,53.76 75.33,53.446 75.345,53.363 75.313,53 75.33,52.884 75.511,52.454 
	75.527,52.372 75.527,52.223 75.494,52.107 75.33,51.975 75.247,51.941 75.114,51.809 75.081,51.594 74.998,51.396 74.981,51.346 
	74.866,51.247 74.8,51.098 74.85,50.9 75.081,50.603 75.247,50.238 75.279,50.023 75.23,49.71 75.23,49.561 75.362,49.362 
	75.692,49.147 75.743,48.817 75.709,48.569 75.627,48.47 75.544,48.404 75.445,48.354 75.263,48.305 75.213,48.254 75.064,47.99 
	75.048,47.742 75.147,47.346 75.163,47.197 75.097,46.949 75.081,46.898 74.932,46.734 74.932,46.667 74.932,46.172 74.949,45.957 
	74.949,45.808 74.899,45.527 74.917,45.445 75.015,45.23 75.23,44.915 75.66,44.551 75.842,44.469 75.891,44.437 76.106,44.022 
	76.155,43.791 76.271,43.494 76.437,43.246 76.685,43.147 76.784,43.163 77.098,43.395 77.346,43.411 77.379,43.378 77.841,43.427 
	78.007,43.51 78.189,43.692 78.552,43.906 78.635,43.906 78.785,43.808 78.949,43.758 79.032,43.758 79.28,43.941 79.445,43.989 
	79.677,43.957 79.76,43.874 79.958,43.576 80.09,43.279 80.139,43.229 80.421,43.081 80.603,42.915 80.652,42.865 80.652,42.716 
	80.619,42.502 80.603,42.237 80.702,41.957 80.833,41.774 80.851,41.708 80.833,41.593 80.851,41.543 80.933,41.477 81.016,41.41 
	81.363,41.278 81.627,41.245 81.908,41.112 82.107,40.998 82.14,40.965 82.174,40.849 82.223,40.815 82.305,40.766 82.52,40.683 
	82.603,40.683 82.9,40.799 82.983,40.865 83.083,41.063 83.166,41.112 83.495,41.031 83.678,40.931 83.744,40.882 83.893,40.7 
	83.976,40.568 84.058,40.501 84.752,40.138 85.414,39.973 85.662,39.807 85.991,39.708 86.257,39.691 86.323,39.658 86.521,39.459 
	86.67,39.228 86.935,38.981 87.1,38.881 87.711,38.617 87.926,38.583 88.108,38.601 88.637,38.963 88.935,39.03 89.447,38.963 
	89.959,38.831 90.439,38.799 90.571,38.765 90.704,38.716 90.77,38.649 90.902,38.368 91.001,38.236 91.068,38.17 91.167,38.17 
	91.365,38.204 91.58,38.368 91.745,38.452 91.927,38.418 92.208,38.27 92.456,38.104 92.522,38.021 92.588,37.922 92.737,37.592 
	92.819,37.509 92.836,37.509 92.935,37.427 93.018,37.394 93.084,37.36 93.183,37.376 93.861,37.708 93.978,37.741 94.159,37.675 
	94.341,37.459 94.473,37.343 94.654,37.311 95.068,37.36 95.284,37.459 95.53,37.641 95.696,37.625 95.795,37.559 95.878,37.459 
	95.927,37.08 96.01,36.947 96.06,36.898 96.192,36.881 96.457,36.915 96.605,36.915 96.771,36.832 96.953,36.666 97.052,36.451 
	97.118,36.22 97.151,36.153 97.233,36.071 97.333,36.054 97.481,36.054 97.548,36.104 97.779,36.336 98.027,36.467 98.16,36.484 
	98.275,36.451 98.342,36.418 98.44,36.303 98.474,36.204 98.457,36.071 98.391,35.872 98.342,35.591 98.342,35.442 98.391,35.36 
	98.507,35.244 98.787,35.211 99.019,35.129 99.135,35.062 99.382,34.996 99.432,34.996 99.581,35.029 99.714,35.129 99.747,35.492 
	99.846,35.625 99.895,35.674 100.127,35.625 100.374,35.509 100.805,35.145 100.986,34.93 101.085,34.765 101.234,34.17 
	101.317,34.021 101.498,33.872 101.647,33.806 101.978,33.74 101.978,33.724 101.978,33.36 101.995,33.293 102.226,33.112 
	102.276,32.963 102.292,32.814 102.226,32.731 102.16,32.368 102.21,32.251 102.16,32.137 102.061,32.169 101.879,32.219 
	101.681,31.574 101.747,31.524 101.796,31.607 101.896,31.624 101.945,31.607 102.028,31.475 102.028,31.441 101.945,31.459 
	101.896,31.459 101.813,31.293 101.846,31.243 101.929,31.21 101.929,31.193 101.83,30.83 101.961,30.681 102.21,30.583 
	102.226,30.583 102.226,30.631 102.259,30.665 102.425,30.565 102.441,30.4 102.624,30.103 102.624,29.938 102.656,29.872 
	102.755,29.872 102.772,29.855 102.772,29.723 102.64,29.772 102.656,29.689 102.656,29.657 102.507,29.623 102.375,29.689 
	102.309,29.707 102.16,29.491 102.16,29.441 102.342,29.408 102.358,29.375 102.309,29.243 102.176,29.011 102.21,28.912 
	102.078,28.516 101.879,28.483 101.78,28.284 101.862,27.854 101.747,27.64 101.78,27.227 101.813,27.028 101.83,27.011 
	102.028,27.045 102.11,26.995 102.193,26.714 102.143,26.647 102.012,26.614 101.995,26.598 101.995,26.582 102.11,26.4 
	102.259,26.384 102.573,26.119 102.59,25.987 102.507,25.887 102.573,25.887 102.805,25.987 102.887,25.987 103.102,25.706 
	103.186,25.507 103.168,25.275 103.267,25.044 103.351,24.961 103.482,24.416 103.599,24.317 103.615,24.284 103.631,24.135 
	103.615,24.103 103.516,24.085 103.482,24.051 103.482,23.507 103.499,23.292 103.466,22.796 103.516,22.68 103.565,22.349 
	103.4,22.167 103.383,22.118 103.417,22.019 103.367,21.556 103.302,21.473 103.318,21.44 103.367,21.341 103.434,21.291 
	103.516,21.259 103.532,21.159 103.466,21.044 103.482,20.994 103.532,20.895 103.714,20.679 103.846,20.333 103.83,20.282 
	103.747,20.167 103.764,20.101 103.913,20.068 103.996,19.985 104.012,19.936 104.012,19.902 103.897,19.72 103.913,19.688 
	104.095,19.505 104.276,19.539 104.31,19.539 104.326,19.505 104.31,19.456 104.144,19.424 104.127,19.39 104.227,19.109 
	104.243,19.092 104.31,19.109 104.342,19.143 104.392,18.977 104.376,18.944 104.227,18.895 104.227,18.861 104.243,18.762 
	104.31,18.729 104.359,18.746 104.425,18.861 104.475,18.878 104.524,18.861 104.558,18.829 104.591,18.514 104.591,18.316 
	104.492,18.249 104.524,18.052 104.541,18.035 104.573,18.035 104.623,18.101 104.639,18.184 104.69,18.184 104.706,18.167 
	104.739,18.068 104.739,18.018 104.706,17.969 104.591,17.952 104.441,17.638 104.458,17.39 104.706,17.241 104.706,17.158 
	104.639,17.092 104.573,16.828 104.806,16.663 104.838,16.199 105.07,16.084 105.186,16.183 105.202,16.183 105.218,16.15 
	105.251,15.918 105.5,15.787 105.467,15.521 105.434,15.373 105.533,15.125 105.599,15.108 105.631,15.025 105.631,14.91 
	105.533,14.795 105.516,14.761 105.533,14.745 105.698,14.795 105.764,14.795 105.781,14.646 105.962,14.282 106.145,14.184 
	106.145,14.149 106.111,14.001 106.128,13.736 106.226,13.621 106.458,13.472 106.492,13.29 106.558,13.257 106.624,13.24 
	106.674,13.125 106.872,12.265 106.938,12.149 107.054,12.034 107.368,11.818 107.434,11.752 107.533,11.769 107.566,11.752 
	107.616,11.488 107.764,11.521 107.797,11.455 107.848,11.34 107.996,10.827 108.029,10.628 108.012,10.562 107.996,10.463 
	108.079,10.363 108.227,10.232 108.492,10.05 108.624,9.935 108.64,9.884 108.574,9.687 108.591,9.603 108.658,9.52 108.673,9.487 
	108.673,9.24 108.591,8.876 108.508,8.677 108.426,8.545 108.36,8.165 108.343,8.049 108.393,7.9 108.508,7.9 108.542,7.883 
	108.559,7.735 108.723,7.769 108.905,7.785 110.508,7.983 111.252,8.082 112.559,8.248 114.195,8.462 114.394,8.496 114.791,8.545 
	119.188,9.107 123.156,9.62 125.883,9.967 131.587,10.695 136.761,11.323 137.984,11.472 139.291,11.636 139.472,11.653 
	141.589,11.918 147.062,12.58 "/>
<polyline id="0429420" fill="#666666" stroke="#FFFFFF" stroke-width="0.75"  points="57.062,0.494 59.938,0.94 61.641,1.189 68.865,2.247 
	71.643,2.661 72.287,2.743 73.345,2.892 75.974,3.271 77.18,3.453 77.61,3.503 79.049,3.718 82.405,4.182 83.512,4.346 
	88.736,5.074 90.141,5.256 92.307,5.57 92.506,5.586 94.01,5.801 94.06,5.801 94.076,5.801 94.457,5.851 95.315,5.967 96.292,6.099 
	97.581,6.28 98.688,6.429 102.259,6.909 106.177,7.421 107.913,7.653 108.293,7.702 108.393,7.719 108.542,7.735 108.559,7.735 
	108.542,7.883 108.508,7.9 108.393,7.9 108.343,8.049 108.36,8.165 108.426,8.545 108.508,8.677 108.591,8.876 108.673,9.24 
	108.673,9.487 108.658,9.52 108.591,9.603 108.574,9.687 108.64,9.884 108.624,9.935 108.492,10.05 108.227,10.232 108.079,10.363 
	107.996,10.463 108.012,10.562 108.029,10.628 107.996,10.827 107.848,11.34 107.797,11.455 107.764,11.521 107.616,11.488 
	107.566,11.752 107.533,11.769 107.434,11.752 107.368,11.818 107.054,12.034 106.938,12.149 106.872,12.265 106.674,13.125 
	106.624,13.24 106.558,13.257 106.492,13.29 106.458,13.472 106.226,13.621 106.128,13.736 106.111,14.001 106.145,14.149 
	106.145,14.184 105.962,14.282 105.781,14.646 105.764,14.795 105.698,14.795 105.533,14.745 105.516,14.761 105.533,14.795 
	105.631,14.91 105.631,15.025 105.599,15.108 105.533,15.125 105.434,15.373 105.467,15.521 105.5,15.787 105.251,15.918 
	105.218,16.15 105.202,16.183 105.186,16.183 105.07,16.084 104.838,16.199 104.806,16.663 104.573,16.828 104.639,17.092 
	104.706,17.158 104.706,17.241 104.458,17.39 104.441,17.638 104.591,17.952 104.706,17.969 104.739,18.018 104.739,18.068 
	104.706,18.167 104.69,18.184 104.639,18.184 104.623,18.101 104.573,18.035 104.541,18.035 104.524,18.052 104.492,18.249 
	104.591,18.316 104.591,18.514 104.558,18.829 104.524,18.861 104.475,18.878 104.425,18.861 104.359,18.746 104.31,18.729 
	104.243,18.762 104.227,18.861 104.227,18.895 104.376,18.944 104.392,18.977 104.342,19.143 104.31,19.109 104.243,19.092 
	104.227,19.109 104.127,19.39 104.144,19.424 104.31,19.456 104.326,19.505 104.31,19.539 104.276,19.539 104.095,19.505 
	103.913,19.688 103.897,19.72 104.012,19.902 104.012,19.936 103.996,19.985 103.913,20.068 103.764,20.101 103.747,20.167 
	103.83,20.282 103.846,20.333 103.714,20.679 103.532,20.895 103.482,20.994 103.466,21.044 103.532,21.159 103.516,21.259 
	103.434,21.291 103.367,21.341 103.318,21.44 103.302,21.473 103.367,21.556 103.417,22.019 103.383,22.118 103.4,22.167 
	103.565,22.349 103.516,22.68 103.466,22.796 103.499,23.292 103.482,23.507 103.482,24.051 103.516,24.085 103.615,24.103 
	103.631,24.135 103.615,24.284 103.599,24.317 103.482,24.416 103.351,24.961 103.267,25.044 103.168,25.275 103.186,25.507 
	103.102,25.706 102.887,25.987 102.805,25.987 102.573,25.887 102.507,25.887 102.59,25.987 102.573,26.119 102.259,26.384 
	102.11,26.4 101.995,26.582 101.995,26.598 102.012,26.614 102.143,26.647 102.193,26.714 102.11,26.995 102.028,27.045 
	101.83,27.011 101.813,27.028 101.78,27.227 101.747,27.64 101.862,27.854 101.78,28.284 101.879,28.483 102.078,28.516 
	102.21,28.912 102.176,29.011 102.309,29.243 102.358,29.375 102.342,29.408 102.16,29.441 102.16,29.491 102.309,29.707 
	102.375,29.689 102.507,29.623 102.656,29.657 102.656,29.689 102.64,29.772 102.772,29.723 102.772,29.855 102.755,29.872 
	102.656,29.872 102.624,29.938 102.624,30.103 102.441,30.4 102.425,30.565 102.259,30.665 102.226,30.631 102.226,30.583 
	102.21,30.583 101.961,30.681 101.83,30.83 101.929,31.193 101.929,31.21 101.846,31.243 101.813,31.293 101.896,31.459 
	101.945,31.459 102.028,31.441 102.028,31.475 101.945,31.607 101.896,31.624 101.796,31.607 101.747,31.524 101.681,31.574 
	101.879,32.219 102.061,32.169 102.16,32.137 102.21,32.251 102.16,32.368 102.226,32.731 102.292,32.814 102.276,32.963 
	102.226,33.112 101.995,33.293 101.978,33.36 101.978,33.724 101.978,33.74 101.647,33.806 101.498,33.872 101.317,34.021 
	101.234,34.17 101.085,34.765 100.986,34.93 100.805,35.145 100.374,35.509 100.127,35.625 99.895,35.674 99.846,35.625 
	99.747,35.492 99.714,35.129 99.581,35.029 99.432,34.996 99.382,34.996 99.135,35.062 99.019,35.129 98.787,35.211 98.507,35.244 
	98.391,35.36 98.342,35.442 98.342,35.591 98.391,35.872 98.457,36.071 98.474,36.204 98.44,36.303 98.342,36.418 98.275,36.451 
	98.16,36.484 98.027,36.467 97.779,36.336 97.548,36.104 97.481,36.054 97.333,36.054 97.233,36.071 97.151,36.153 97.118,36.22 
	97.052,36.451 96.953,36.666 96.771,36.832 96.605,36.915 96.457,36.915 96.192,36.881 96.06,36.898 96.01,36.947 95.927,37.08 
	95.878,37.459 95.795,37.559 95.696,37.625 95.53,37.641 95.284,37.459 95.068,37.36 94.654,37.311 94.473,37.343 94.341,37.459 
	94.159,37.675 93.978,37.741 93.861,37.708 93.183,37.376 93.084,37.36 93.018,37.394 92.935,37.427 92.836,37.509 92.819,37.509 
	92.737,37.592 92.588,37.922 92.522,38.021 92.456,38.104 92.208,38.27 91.927,38.418 91.745,38.452 91.58,38.368 91.365,38.204 
	91.167,38.17 91.068,38.17 91.001,38.236 90.902,38.368 90.77,38.649 90.704,38.716 90.571,38.765 90.439,38.799 89.959,38.831 
	89.447,38.963 88.935,39.03 88.637,38.963 88.108,38.601 87.926,38.583 87.711,38.617 87.1,38.881 86.935,38.981 86.67,39.228 
	86.521,39.459 86.323,39.658 86.257,39.691 85.991,39.708 85.662,39.807 85.414,39.973 84.752,40.138 84.058,40.501 83.976,40.568 
	83.893,40.7 83.744,40.882 83.678,40.931 83.495,41.031 83.166,41.112 83.083,41.063 82.983,40.865 82.9,40.799 82.603,40.683 
	82.52,40.683 82.305,40.766 82.223,40.815 82.174,40.849 82.14,40.965 82.107,40.998 81.908,41.112 81.627,41.245 81.363,41.278 
	81.016,41.41 80.933,41.477 80.851,41.543 80.833,41.593 80.851,41.708 80.833,41.774 80.702,41.957 80.603,42.237 80.619,42.502 
	80.652,42.716 80.652,42.865 80.603,42.915 80.421,43.081 80.139,43.229 80.09,43.279 79.958,43.576 79.76,43.874 79.677,43.957 
	79.445,43.989 79.28,43.941 79.032,43.758 78.949,43.758 78.785,43.808 78.635,43.906 78.552,43.906 78.189,43.692 78.007,43.51 
	77.841,43.427 77.379,43.378 77.346,43.411 77.098,43.395 76.784,43.163 76.685,43.147 76.437,43.246 76.271,43.494 76.155,43.791 
	76.106,44.022 75.891,44.437 75.842,44.469 75.66,44.551 75.23,44.915 75.015,45.23 74.917,45.445 74.899,45.527 74.949,45.808 
	74.949,45.957 74.932,46.172 74.932,46.667 74.932,46.734 75.081,46.898 75.097,46.949 75.163,47.197 75.147,47.346 75.048,47.742 
	75.064,47.99 75.213,48.254 75.263,48.305 75.445,48.354 75.544,48.404 75.627,48.47 75.709,48.569 75.743,48.817 75.692,49.147 
	75.362,49.362 75.23,49.561 75.23,49.71 75.279,50.023 75.247,50.238 75.081,50.603 74.85,50.9 74.8,51.098 74.866,51.247 
	74.981,51.346 74.998,51.396 75.081,51.594 75.114,51.809 75.247,51.941 75.33,51.975 75.494,52.107 75.527,52.223 75.527,52.372 
	75.511,52.454 75.33,52.884 75.313,53 75.345,53.363 75.33,53.446 75.114,53.76 74.85,54.024 74.701,54.173 74.635,54.305 
	74.568,54.619 74.618,54.686 74.602,54.785 74.552,54.868 74.453,54.9 74.387,54.967 74.32,55.017 74.287,55.099 74.304,55.314 
	74.37,55.447 74.37,55.496 74.255,55.744 74.155,55.909 72.469,67.812 72.354,68.655 70.452,82.409 70.336,83.236 70.154,84.526 
	67.989,99.801 67.741,101.471 67.708,101.685 66.98,106.877 66.865,107.638 66.22,112.283 65.674,116.151 65.096,120.152 
	65.013,120.168 64.847,120.069 64.749,120.069 64.715,120.118 64.715,120.185 64.781,120.334 64.781,120.35 64.6,120.499 
	64.435,120.763 64.336,120.862 64.055,121.011 63.674,121.094 63.079,120.878 62.814,120.648 62.682,120.598 62.583,120.598 
	62.451,120.697 62.219,120.763 62.136,120.763 62.004,120.632 61.938,120.549 61.724,120.45 61.426,120.366 61.012,120.399 
	60.831,120.35 60.318,120.085 60.269,120.103 60.185,120.152 60.103,120.152 60.07,120.118 60.07,120.053 60.021,119.987 
	59.987,119.987 59.789,120.053 59.689,120.02 59.59,119.954 59.508,119.92 59.425,119.97 59.226,119.987 59.095,119.97 
	58.813,119.805 58.714,119.672 58.599,119.573 58.5,119.557 58.433,119.606 58.317,119.59 58.301,119.59 58.234,119.507 
	58.136,119.573 58.053,119.59 57.955,119.557 57.739,119.639 57.524,119.887 57.425,120.103 57.375,120.251 57.342,120.317 
	57.292,120.366 57.227,120.383 57.028,120.482 56.813,120.632 56.631,120.813 56.532,120.846 56.499,120.912 56.466,121.077 
	56.317,121.128 56.218,121.227 55.954,121.425 55.904,121.491 55.821,121.755 55.689,122.104 55.573,122.136 55.409,122.268 
	55.276,122.318 55.177,122.467 55.111,122.5 55.111,122.482 55.028,122.548 54.928,122.615 54.912,122.598 54.896,122.5 
	54.714,122.517 54.697,122.565 54.499,122.647 54.267,122.565 54.185,122.517 53.92,122.681 53.738,122.714 53.706,122.698 
	53.689,122.532 53.672,122.5 53.606,122.5 53.358,122.714 53.061,122.913 52.714,123.029 52.648,122.996 52.366,122.962 
	52.333,122.979 52.267,123.077 52.151,123.061 51.821,123.012 51.358,122.896 51.292,122.847 51.209,122.698 51.176,122.632 
	51.11,122.615 51.044,122.565 50.994,122.367 50.961,122.351 50.812,122.351 50.763,122.301 50.713,122.152 50.747,122.069 
	50.581,121.507 50.465,121.441 50.118,121.441 50.019,121.458 49.886,121.441 49.539,121.541 49.39,121.606 49.191,121.64 
	49.093,121.672 48.96,121.771 48.729,121.723 48.646,121.64 48.564,121.574 48.415,121.458 48.398,121.458 48.365,121.441 
	48.15,121.343 48.018,121.309 47.886,121.392 47.604,121.375 47.539,121.276 47.473,121.292 47.406,121.358 47.391,121.392 
	47.374,121.491 47.357,121.541 47.242,121.624 47.109,121.672 47.009,121.672 46.91,121.706 46.778,121.706 46.696,121.656 
	46.663,121.606 46.563,121.193 46.53,121.077 46.398,120.878 46.398,120.813 46.415,120.466 46.349,120.366 46.266,120.317 
	45.835,120.168 45.671,120.136 45.522,120.136 45.39,120.202 44.911,120.267 44.464,120.251 44.05,120.152 43.637,120.085 
	43.555,120.037 43.307,119.788 43.142,119.722 42.96,119.639 42.48,119.523 42.133,119.49 41.786,119.507 41.521,119.523 
	41.256,119.474 41.141,119.458 40.926,119.474 40.86,119.458 40.711,119.325 40.596,119.176 40.53,119.028 40.53,118.962 
	40.497,118.879 40.479,118.829 40.414,118.796 40.348,118.813 40.298,118.862 40.232,119.012 40.116,119.077 40.066,119.094 
	39.967,119.077 39.902,119.028 39.62,118.63 39.636,118.499 39.604,118.367 39.554,118.268 39.454,118.168 39.339,118.152 
	39.257,118.053 39.125,117.87 39.009,117.605 38.76,117.441 38.694,117.441 38.611,117.358 38.396,117.308 38.348,117.243 
	38.314,117.143 38.132,117.061 37.9,117.027 37.587,117.143 37.487,117.143 37.388,117.126 37.323,117.061 37.025,116.796 
	36.958,116.665 36.661,116.614 36.595,116.665 36.529,116.531 36.033,115.919 35.884,115.407 35.752,114.927 35.653,114.664 
	35.537,114.464 35.404,114.316 35.256,114.201 35.074,114.102 34.809,113.82 34.313,113.705 33.9,113.49 33.8,113.34 
	33.686,112.977 33.354,112.531 33.256,112.399 33.123,112.299 32.792,111.753 32.693,111.688 32.247,111.588 32.032,111.456 
	31.966,111.391 31.933,111.308 31.883,111.191 31.916,110.894 31.85,110.729 31.718,110.547 31.668,110.464 31.304,110.134 
	31.254,110.101 31.123,110.001 31.09,109.968 31.023,109.935 30.858,109.869 30.842,109.852 30.842,109.836 30.742,109.505 
	30.709,109.439 30.709,109.422 30.677,109.373 30.659,109.356 30.627,109.291 30.61,109.273 30.578,109.257 30.544,109.225 
	30.527,109.225 30.461,109.191 30.362,109.175 30.214,109.175 29.883,109.175 29.602,109.225 29.255,109.191 29.238,109.191 
	29.172,109.158 29.09,109.026 29.073,108.993 28.858,108.662 28.841,108.562 28.841,108.546 28.858,108.479 29.056,108.134 
	29.156,107.901 29.156,107.884 29.172,107.819 29.189,107.34 29.255,107.075 29.255,107.042 29.321,106.893 29.403,106.729 
	29.486,106.563 29.535,106.167 29.535,105.703 29.535,105.586 29.321,104.959 28.94,103.736 28.412,103.157 28.229,102.645 
	28.246,102.463 28.246,102.43 28.345,102.331 28.445,102.28 28.478,102.215 28.543,101.868 28.412,101.669 28.098,101.322 
	28.064,100.925 28.081,100.859 28.163,100.578 28.147,100.396 28.081,100.199 27.916,99.966 27.866,99.834 27.882,99.702 
	27.866,99.604 27.932,99.421 27.932,99.371 27.932,99.289 27.932,99.206 27.882,99.09 27.882,98.991 27.882,98.875 27.85,98.776 
	27.701,98.413 27.635,98.164 27.603,97.685 27.619,97.438 27.585,97.271 27.585,97.255 27.568,97.206 27.552,97.189 27.536,97.172 
	27.503,97.156 27.485,97.14 27.37,97.09 27.221,97.007 27.154,96.942 27.073,96.842 26.957,96.577 26.924,96.528 26.808,96.412 
	26.56,96.23 26.329,96.081 26.13,95.916 26.015,95.702 25.965,95.585 25.883,95.42 25.766,95.239 25.436,94.907 25.238,94.676 
	25.073,94.429 24.907,94.097 24.841,93.85 24.774,93.668 24.741,93.519 24.626,93.188 24.609,93.139 24.609,93.105 24.56,92.627 
	24.56,92.56 24.56,92.197 24.477,91.766 24.477,91.716 24.46,91.685 24.345,91.287 24.328,91.271 24.179,91.006 24.014,90.792 
	23.964,90.725 23.948,90.708 23.932,90.692 23.881,90.643 23.865,90.609 23.849,90.609 23.815,90.577 23.519,90.328 23.369,90.213 
	23.319,90.18 23.204,90.03 23.17,89.965 23.154,89.965 23.121,89.881 23.021,89.717 23.006,89.717 23.006,89.701 22.989,89.684 
	22.923,89.436 22.923,89.403 22.906,89.303 22.923,88.84 22.94,88.692 23.039,88.427 23.055,88.411 23.17,88.146 23.27,87.932 
	23.303,87.782 23.319,87.75 23.303,87.519 23.286,87.32 23.286,87.271 23.303,87.171 23.336,87.071 23.336,87.055 23.353,87.055 
	23.386,86.923 23.519,86.592 23.552,86.394 23.568,86.328 23.536,86.03 23.469,85.684 23.501,85.484 23.501,85.419 23.552,85.253 
	23.799,84.773 23.815,84.741 23.815,84.724 23.865,84.542 23.898,84.294 23.898,84.162 23.833,83.832 23.849,83.583 23.849,83.484 
	23.898,83.203 23.981,82.84 23.981,82.806 24.08,82.476 24.328,82.03 24.692,81.797 24.792,81.732 25.138,81.517 25.27,81.302 
	25.321,81.17 25.336,81.12 25.321,81.087 25.304,80.873 25.304,80.839 25.288,80.823 25.188,80.657 25.105,80.508 25.073,80.442 
	24.989,80.36 24.774,80.145 24.46,79.93 24.411,79.897 24.361,79.864 24.163,79.731 24.131,79.698 24.113,79.666 24.096,79.649 
	24.031,79.45 24.113,79.302 24.131,79.286 24.229,79.219 24.328,79.136 24.51,78.988 24.692,78.855 24.708,78.839 24.726,78.839 
	24.774,78.822 24.841,78.806 24.957,78.773 25.056,78.756 25.088,78.739 25.138,78.756 25.171,78.756 25.336,78.789 25.65,78.855 
	25.816,78.872 26.229,78.822 26.444,78.723 26.576,78.657 26.858,78.26 27.105,77.302 27.105,77.285 27.122,77.219 27.171,76.954 
	27.188,76.838 27.271,76.342 27.271,76.21 27.287,75.896 27.287,75.664 27.287,75.631 27.287,75.599 27.221,75.351 27.073,75.152 
	27.089,74.259 27.154,73.912 27.171,72.838 27.039,71.3 27.188,70.573 27.287,70.077 27.188,68.804 27.039,68.109 26.89,67.118 
	26.775,66.274 26.032,65.283 26.032,65.25 25.998,65.167 25.783,64.588 25.783,64.539 25.733,64.34 25.75,64.142 25.75,64.092 
	25.783,63.696 25.783,63.58 25.667,62.902 25.551,62.539 25.568,62.158 25.568,62.075 25.584,62.026 25.601,61.994 25.717,61.53 
	25.733,61.513 25.75,61.497 25.883,61.332 26.097,61.216 26.295,61.117 26.511,60.885 26.576,60.719 26.576,60.621 26.494,60.488 
	26.478,60.207 26.56,59.415 26.543,58.802 26.576,58.686 26.841,58.406 27.089,58.008 27.205,57.43 27.089,57.05 26.593,55.975 
	26.229,55.479 26.279,55.132 26.295,54.917 26.395,54.769 26.659,54.372 26.758,54.074 26.775,54.058 26.758,54.024 26.709,53.875 
	26.361,53.578 26.163,53.28 26.064,52.95 26.08,52.801 26.511,51.892 26.626,51.363 26.726,50.933 26.61,50.337 26.841,49.445 
	26.494,48.684 26.593,48.52 26.841,48.354 27.089,47.941 27.221,47.709 27.221,47.577 27.171,47.147 27.205,46.916 27.287,46.701 
	27.321,46.651 27.536,46.552 27.916,46.369 28.031,46.188 28.114,46.023 28.147,45.907 28.147,45.825 28.131,45.66 28.098,45.428 
	27.833,45.032 27.536,44.618 27.337,44.105 27.403,43.758 27.469,43.444 27.238,43.113 26.808,42.75 26.758,42.617 26.841,42.419 
	26.94,42.105 26.924,41.84 26.825,41.593 26.642,41.195 26.61,40.783 26.775,39.857 26.792,39.757 26.808,39.708 26.841,39.675 
	26.89,39.592 26.908,39.575 26.94,39.542 27.006,39.493 27.023,39.477 27.287,39.262 27.386,38.997 27.37,38.848 27.271,38.649 
	27.105,38.518 27.105,38.468 27.089,38.386 27.122,38.27 27.154,38.021 27.321,37.823 27.353,37.641 27.337,37.592 27.205,37.096 
	27.073,36.915 26.957,36.748 26.89,36.649 26.874,36.6 26.858,36.566 26.858,36.551 26.858,36.533 26.89,36.303 26.974,36.153 
	27.254,35.922 27.668,35.657 28.345,35.625 28.61,35.657 28.891,35.625 29.338,35.575 29.883,35.509 30.015,35.492 30.164,35.476 
	30.296,35.393 30.312,35.376 30.428,35.228 30.825,34.996 31.52,34.583 31.652,34.666 31.801,35.079 31.966,35.195 32.28,35.079 
	32.709,34.781 33.42,34.566 33.636,34.5 34.05,34.55 34.248,34.583 34.545,34.616 34.76,34.649 35.57,34.814 35.702,34.847 
	35.868,34.996 35.917,35.112 35.884,35.261 35.851,35.393 35.834,35.459 35.801,35.591 35.785,35.724 35.818,35.806 35.884,35.855 
	36.066,35.922 36.099,35.938 36.413,35.906 37.058,35.591 37.289,35.591 37.471,35.674 37.587,36.038 37.719,36.252 37.785,36.269 
	38.529,35.922 38.942,35.575 39.108,35.542 39.339,35.558 40.265,35.855 40.348,35.889 40.463,35.922 40.695,36.533 40.793,36.683 
	41.439,37.625 41.588,37.708 41.703,37.773 42.265,38.881 42.298,39.228 42.199,39.36 41.951,39.542 41.868,39.675 41.868,39.84 
	41.902,39.906 42.993,40.584 43.257,41.097 43.339,41.394 43.455,41.56 43.77,41.857 43.852,41.923 44.167,42.138 44.216,42.188 
	44.249,42.188 44.299,42.204 44.315,42.204 44.332,42.204 44.398,42.221 45.093,42.27 45.853,42.138 46.415,41.939 46.431,41.939 
	46.464,41.939 46.794,41.989 46.91,42.055 47.191,42.221 47.291,42.204 47.422,42.072 47.77,41.659 47.853,41.543 47.937,41.311 
	47.937,41.031 48.018,40.766 48.415,40.188 49.027,39.344 49.043,39.262 48.96,39.08 48.895,39.014 48.779,38.881 48.779,38.799 
	48.829,38.583 48.928,38.468 49.307,38.286 49.572,38.319 49.705,38.27 50.217,37.343 50.878,36.352 51.176,35.872 51.507,35.542 
	51.986,35.41 52.02,35.211 52.333,33.194 52.35,32.963 52.432,32.169 52.548,31.26 52.763,30.153 52.812,29.723 53.292,26.896 
	53.623,24.647 53.655,24.433 53.771,23.572 53.805,23.325 53.903,22.167 54.647,16.91 54.647,16.745 54.83,15.456 54.846,15.389 
	55.012,14.265 55.772,9.173 55.821,8.843 55.888,8.412 55.888,8.33 56.053,7.305 56.813,2.346 57.062,0.494 "/>
<polygon id="0438060" fill="#666666" stroke="#FFFFFF" stroke-width="0.75"  points="161.674,181.684 161.626,181.65 161.626,181.553 
	161.608,181.535 161.542,181.553 161.443,181.601 161.212,181.75 161.212,181.815 161.262,181.982 161.262,182.081 161.212,182.129 
	161.146,182.163 160.947,182.163 160.616,182.113 160.27,182.031 160.187,181.998 160.055,181.881 159.956,181.849 159.773,181.849 
	159.74,181.849 159.691,181.881 159.542,182.081 159.377,182.113 159.261,182.262 158.914,182.163 158.865,182.179 158.849,182.246 
	158.699,182.461 158.633,182.493 158.583,182.544 158.55,182.593 158.55,182.642 158.583,182.708 158.616,182.758 158.715,182.824 
	158.75,182.808 158.815,182.743 158.831,182.743 158.931,182.84 158.914,182.907 158.881,182.923 158.75,182.956 158.55,182.84 
	158.336,182.691 158.286,182.544 158.269,182.461 158.187,182.428 158.088,182.593 157.973,182.923 157.973,183.039 
	157.973,183.088 157.956,183.105 157.856,183.122 157.79,183.088 157.741,182.99 157.64,182.973 157.525,183.088 157.525,183.171 
	157.492,183.254 157.228,183.386 157.03,183.386 156.93,183.336 156.864,183.254 156.782,183.254 156.55,183.651 156.451,183.7 
	156.302,183.766 156.219,183.766 156.154,183.734 155.773,183.304 155.409,183.221 155.012,183.238 154.914,183.221 
	154.831,183.254 154.715,183.402 154.666,183.601 154.384,183.832 153.987,184.278 153.938,184.345 153.905,184.395 
	153.838,184.428 153.79,184.412 153.724,184.361 153.724,184.296 153.756,184.262 153.773,184.229 153.74,184.113 153.64,184.063 
	153.591,184.081 153.145,184.395 153.095,184.51 153.095,184.643 153.029,184.824 152.979,184.874 152.897,185.071 152.879,185.304 
	152.847,185.37 152.797,185.37 152.681,185.304 152.417,185.386 152.4,185.419 152.417,185.452 152.482,185.486 152.565,185.486 
